A;67;11,5;0;6;1,8;1,6;113;0,74
R;148;14,28;52;10,76;-4,5;-12,3;241;0,64
N;96;12,28;3,38;5,41;-3,5;-4,8;158;0,63
D;91;11,68;49,7;2,77;-3,5;-9,2;151;0,62
C;86;13,46;1,48;5,05;2,5;2;140;0,91
Q;114;14,45;3,53;5,65;-3,5;-4,1;189;0,62
E;109;13,57;49,9;3,22;-3,5;-8,2;183;0,62
G;48;3,4;0;5,97;-0,4;1;85;0,72
H;118;13,69;51,6;7,59;-3,2;-3;194;0,78
I;124;21,4;0,13;6,02;4,5;3,1;182;0,88
L;124;21,4;0,13;5,98;3,8;2,8;180;0,85
K;135;15,71;49,5;9,74;-3,9;-8,8;211;0,52
M;124;16,25;1,43;5,74;1,9;3,4;204;0,85
F;135;19,8;0,35;5,48;2,8;3,7;218;0,88
P;90;17,43;1,58;6,3;-1,6;-0,2;143;0,64
S;73;9,47;1,67;5,68;-0,8;0,6;122;0,66
T;93;15,77;1,66;5,66;-0,7;1,2;146;0,7
W;163;21,67;2,1;5,89;-0,9;1,9;259;0,85
Y;141;18,03;1,61;5,66;-1,3;-0,7;229;0,76
V;105;21,57;0,13;5,96;4,2;2,6;160;0,86

